##TITLE= Parameter file, TopSpin 4.5.0
##JCAMPDX= 5.0
##DATATYPE= Parameter Values
##NPOINTS= 8	$$ modification sequence number
##ORIGIN= Bruker BioSpin GmbH & Co. KG
##OWNER= autosampler
$$ 2026-09-21 17:03:50.841 +1200  autosampler@CZC4277BQH
$$ /nmr/400p/data/cgao801/nmr/260921_USAFBS/11/acqus
$$ process /opt/topspin4.5.0/prog/mod/acqdataserver
##$ACQT0= 0
##$AMP= (0..31)
100 100 100 100 100 100 100 100 100 100 100 100 100 100 100 100 100 100
100 100 100 100 100 100 100 100 100 100 100 100 100 100
##$AMPCOIL= (0..32)
-1 0 0 0 0 0 0 0 0 0 0 0 0 0 0 0 0 0 0 0 0 0 0 0 0 0 0 0 0 0 0 0 0
##$AQSEQ= 0
##$AQ_mod= 3
##$AUNM= <mwiaur_zges>
##$AUTOPOS= <55 >
##$BF1= 400.42
##$BF2= 400.42
##$BF3= 400.42
##$BF4= 400.42
##$BF5= 400.42
##$BF6= 400.42
##$BF7= 400.42
##$BF8= 400.42
##$BWFAC= (0..63)
0 0 0 0 0 0 0 0 0 0 0 0 0 0 0 0 0 0 0 0 0 0 0 0 0 0 0 0 0 0 0 0 0 0 0 0
0 0 0 0 0 0 0 0 0 0 0 0 0 0 0 0 0 0 0 0 0 0 0 0 0 0 0 0
##$BYTORDA= 0
##$CHANFCU= (0..24)
0 0 1 0 0 0 0 0 0 0 0 0 0 0 0 0 0 0 0 0 0 0 0 0 0
##$CHANREC= (0..24)
0 0 1 0 0 0 0 0 0 0 0 0 0 0 0 0 0 0 0 0 0 0 0 0 0
##$CHEMSTR= <none>
##$CNST= (0..63)
1 1 145 1 1 1 1 1 1 1 1 1 1 1 1 1 1 1 1 1 1 1 1 1 1 1 1 1 1 1 1 1 1 1 1
1 1 1 1 1 1 1 1 1 1 1 1 1 1 1 1 1 1 1 1 1 1 1 1 1 1 1 1 1
##$CPDPRG= (0..8)
<> <> <> <> <mlev> <mlev> <mlev> <mlev> <mlev>
##$D= (0..63)
0 1.5 0 0 0 0 0 0 0 0.06 0 0 2e-05 0 0 0.06 0.0002 0 0 0 0 0 0 0 0 0 0
0 0 0 1 0 0 0 0 0 0 0 0 0 0 0 0 0 0 0 0 0 0 0 0 0 0 0 0 0 0 0 0 0 0 0 0
0
##$DATE= 1789967030
##$DATE_START= 1789966845
##$DE= 6.5
##$DE1= 4.5
##$DEADC= 0.5
##$DECIM= 2440
##$DEPA= 4.5
##$DERX= 1.5
##$DIGMOD= 1
##$DIGTYP= 17
##$DR= 32
##$DS= 8
##$DSPFIRM= 0
##$DSPFVS= 20
##$DTYPA= 2
##$EXP= <protonescmpri>
##$ExpStatus= 4
##$FCUCHAN= (0..9)
0 2 0 0 0 0 0 0 0 0
##$FILCOR= 0
##$FL1= 90
##$FL2= 90
##$FL3= 90
##$FL4= 90
##$FN_INDIRECT= (0..7)
0 0 0 0 0 0 0 0
##$FOV= 20
##$FQ1LIST= <freqlist>
##$FQ2LIST= <freqlist>
##$FQ3LIST= <freqlist>
##$FQ4LIST= <freqlist>
##$FQ5LIST= <freqlist>
##$FQ6LIST= <freqlist>
##$FQ7LIST= <freqlist>
##$FQ8LIST= <freqlist>
##$FS= (0..7)
83 83 83 83 83 83 83 83
##$FW= 2.4e+08
##$FnILOOP= 0
##$FnMODE= 0
##$FnTYPE= 0
##$GPNAM= (0..31)
<sine.100> <SMSQ10.100> <SMSQ10.100> <sine.100> <sine.100> <sine.100> <sine.100>
<sine.100> <sine.100> <sine.100> <sine.100> <sine.100> <sine.100> <sine.100>
<sine.100> <sine.100> <sine.100> <sine.100> <sine.100> <sine.100> <sine.100>
<sine.100> <sine.100> <sine.100> <sine.100> <sine.100> <sine.100> <sine.100>
<sine.100> <sine.100> <sine.100> <sine.100>
##$GPX= (0..31)
0 0 0 0 0 0 0 0 0 0 0 0 0 0 0 0 0 0 0 0 0 0 0 0 0 0 0 0 0 0 0 0
##$GPY= (0..31)
0 0 0 0 0 0 0 0 0 0 0 0 0 0 0 0 0 0 0 0 0 0 0 0 0 0 0 0 0 0 0 0
##$GPZ= (0..31)
0 31 11 0 0 0 0 0 0 0 0 0 0 0 0 0 0 0 0 0 0 0 0 0 0 0 0 0 0 0 0 0
##$GRPDLY= 68
##$GrpdlyHandling= 0
##$HDDUTY= 20
##$HDRATE= 20
##$HOLDER= 55
##$HPMOD= (0..32)
0 0 0 0 0 0 0 0 0 0 0 0 0 0 0 0 0 0 0 0 0 0 0 0 0 0 0 0 0 0 0 0 0
##$IN= (0..63)
0.001 0.001 0.001 0.001 0.001 0.001 0.001 0.001 0.001 0.001 0.001 0.001
0.001 0.001 0.001 0.001 0.001 0.001 0.001 0.001 0.001 0.001 0.001 0.001
0.001 0.001 0.001 0.001 0.001 0.001 0.001 0.001 0.001 0.001 0.001 0.001
0.001 0.001 0.001 0.001 0.001 0.001 0.001 0.001 0.001 0.001 0.001 0.001
0.001 0.001 0.001 0.001 0.001 0.001 0.001 0.001 0.001 0.001 0.001 0.001
0.001 0.001 0.001 0.001
##$INF= (0..7)
0 0 0 0 0 0 0 0
##$INP= (0..63)
0 0 0 0 0 0 0 0 0 0 0 0 0 0 0 0 0 0 0 0 0 0 0 0 0 0 0 0 0 0 0 0 0 0 0 0
0 0 0 0 0 0 0 0 0 0 0 0 0 0 0 0 0 0 0 0 0 0 0 0 0 0 0 0
##$INSTRUM= <Avance Neo>
##$INTEGFAC= (0..63)
0 0 0 0 0 0 0 0 0 0 0 0 0 0 0 0 0 0 0 0 0 0 0 0 0 0 0 0 0 0 0 0 0 0 0 0
0 0 0 0 0 0 0 0 0 0 0 0 0 0 0 0 0 0 0 0 0 0 0 0 0 0 0 0
##$L= (0..31)
1 1 1 1 1 1 1 1 1 1 1 1 1 1 1 1 1 1 1 1 1 1 1 1 1 1 1 1 1 1 1 1
##$LFILTER= 100
##$LGAIN= -5
##$LINPSTP= 0
##$LOCKED= yes
##$LOCKFLD= 9503
##$LOCKGN= 121.265747070312
##$LOCKPOW= -18
##$LOCKPPM= 4.69999980926514
##$LOCNUC= <2H>
##$LOCPHAS= 53.24035
##$LOCSHFT= yes
##$LOCSW= 0
##$LTIME= 0.349999994039536
##$MASR= 0
##$MULEXPNO= (0..15)
0 0 0 0 0 0 0 0 0 0 0 0 0 0 0 0
##$NBL= 1
##$NC= 0
##$NLOGCH= 2
##$NOVFLW= 0
##$NS= 64
##$NUC1= <1H>
##$NUC2= <off>
##$NUC3= <off>
##$NUC4= <off>
##$NUC5= <off>
##$NUC6= <off>
##$NUC7= <off>
##$NUC8= <off>
##$NUCLEUS= <off>
##$NUSLIST= <automatic>
##$NusAMOUNT= 100
##$NusFPNZ= no
##$NusJSP= 0
##$NusSEED= 54321
##$NusSPTYPE= 0
##$NusT2= 1
##$NusTD= 0
##$O1= 1886.5828342
##$O2= 1887.259
##$O3= 1887.259
##$O4= 1887.259
##$O5= 1887.259
##$O6= 1887.259
##$O7= 1887.259
##$O8= 1887.259
##$OVERFLW= 0
##$P= (0..63)
7.7 7.7 15.4 0 0 19.8 30 60 0 0 0 1000 2000 0 0 0 1000 2500 100000 600
2500 0 0 0 0 0 90 7.7 1000 4000 0 0 0 0 0 0 0 0 0 3600 1200 3300 2100 2550
300 0 0 0 0 150000 9000 2400 0 0 0 1950 0 0 0 0 0 0 0 0
##$PACOIL= (0..32)
1 2 3 0 0 0 0 0 0 0 0 0 0 0 0 0 0 0 0 0 0 0 0 0 0 0 0 0 0 0 0 0 0
##$PARMODE= 0
##$PCPD= (0..9)
100 90 100 100 100 100 100 100 100 100
##$PEXSEL= (0..9)
1 1 1 1 1 1 1 1 1 1
##$PHCOR= (0..31)
0 0 0 0 0 0 0 0 0 0 0 0 0 0 0 0 0 0 0 0 0 0 0 0 0 0 0 0 0 0 0 0
##$PHLIST= <>
##$PH_ref= 0
##$PL= (0..63)
120 -1.2 120 120 120 120 120 120 120 55.34 3.3 16.92 120 120 120 120 120
120 -1.2 120 120 120 120 120 120 120 120 22.4 120 120 120 120 120 120 120
120 120 120 120 120 120 120 120 120 120 120 120 120 120 120 120 120 120
120 120 120 120 120 120 120 120 120 120 120
##$PLSTEP= 0.1
##$PLSTRT= -6
##$PLW= (0..63)
0 22.863 0 0 0 0 0 0 0 0 1.5062 0.08021 0 0 0 0 0 0 22.863 0.16735 0 0.50131
0 0 0 0 0 0 0 0 0 0 2.1689e-06 0 0 0 0 0 0 0 0 0 0 0 0 0 0 0 0 0 0 0 0
0 0 0 0 0 0 0 0 0 0 0
##$PLWMAX= (0..7)
36.850368 0 0 0 0 0 0 0
##$PR= 1
##$PRECHAN= (0..32)
-1 0 1 2 -1 -1 -1 -1 -1 -1 -1 -1 -1 -1 -1 -1 -1 -1 -1 -1 -1 -1 -1 -1 -1
-1 -1 -1 -1 -1 -1 -1 -1
##$PROBHD= <Z163739_1067>
##$PROBINPUTS= (0..15)
<19F/31P-199Hg/17O-109Ag> <1H> <2H> <> <> <> <> <> <> <> <> <> <> <> <>
<>
##$PULPROG= <zgesgp>
##$PW= 0
##$PYNM= <acqu.py>
##$ProbeDescription= <PI HR-BBO400S1-BBF/H/D-5.0-Z SP>
##$ProjAngle= 0
##$QNP= 1
##$RECCHAN= (0..9)
0 2 0 0 0 0 0 0 0 0
##$RECPH= 0
##$RECPRE= (0..24)
-1 -1 1 -1 -1 -1 -1 -1 -1 -1 -1 -1 -1 -1 -1 -1 -1 -1 -1 -1 -1 -1 -1 -1
-1
##$RECPRFX= (0..32)
1 1 0 0 0 0 0 0 0 0 0 0 0 0 0 0 0 0 0 0 0 0 0 0 0 0 0 0 0 0 0 0 0
##$RG= 101
##$RO= 18
##$RSEL= (0..24)
0 0 2 0 0 0 0 0 0 0 0 0 0 0 0 0 0 0 0 0 0 0 0 0 0
##$SAMPLEID= <>
##$SFO1= 400.421886582834
##$SFO2= 400.421887259
##$SFO3= 400.421887259
##$SFO4= 400.421887259
##$SFO5= 400.421887259
##$SFO6= 400.421887259
##$SFO7= 400.421887259
##$SFO8= 400.421887259
##$SHAPPR= (0..15)
1 1 1 1 1 1 1 1 1 1 1 1 1 1 1 1
##$SOLVENT= <H2O+D2O>
##$SOLVOLD= <off>
##$SP= (0..63)
120 35.3 120 120 120 120 120 120 120 120 120 120 120 120 120 120 120 120
120 150 150 150 150 120 120 120 120 120 120 120 120 120 120 120 120 120
120 120 120 120 120 120 120 120 120 120 120 120 120 120 120 120 120 120
120 120 120 120 120 120 120 120 120 120
##$SPECTR= 0
##$SPINCNT= 0
##$SPNAM= (0..63)
<> <Squa100.1000> <> <> <> <> <> <> <> <> <> <Sinc1.1000> <> <> <> <> <>
<> <> <gauss> <gauss> <gauss> <Pc9_4_90.1000> <Pc9_4_120.1000> <Rsnob.1000>
<Pc9_4_90.1000> <Reburp.1000> <Pc9_4_90.1000> <Eburp2.1000> <Eburp2tr.1000>
<Bip720,50,20.1> <> <Gaus1_180i.1000> <> <> <Reburp.1000> <> <> <Iburp2.1000>
<> <> <> <> <> <> <> <> <> <> <> <> <> <> <> <> <> <> <> <> <> <> <> <>
<>
##$SPOAL= (0..63)
0.5 0.5 0.5 0.5 0.5 0.5 0.5 0.5 0.5 0.5 0.5 0.5 0.5 0.5 0.5 0.5 0.5 0.5
0.5 0.5 0.5 0.5 1 1 0.5 1 0.5 0 1 0 0.5 0.5 0.5 0.5 0.5 0.5 0.5 0.5 0.5
0.5 0.5 0.5 0.5 0.5 0.5 0.5 0.5 0.5 0.5 0.5 0.5 0.5 0.5 0.5 0.5 0.5 0.5
0.5 0.5 0.5 0.5 0.5 0.5 0.5
##$SPOFFS= (0..63)
0 0 0 0 0 0 0 0 0 0 0 0 0 0 0 0 0 0 0 0 0 0 0 0 0 0 0 0 0 0 0 0 0 0 0 0
0 0 0 0 0 0 0 0 0 0 0 0 0 0 0 0 0 0 0 0 0 0 0 0 0 0 0 0
##$SPPEX= (0..63)
0 0 0 0 0 0 0 0 0 0 0 0 0 0 0 0 0 0 0 0 0 0 0 0 0 0 0 0 0 0 0 0 0 0 0 0
0 0 0 0 0 0 0 0 0 0 0 0 0 0 0 0 0 0 0 0 0 0 0 0 0 0 0 0
##$SPW= (0..63)
0 0.00135554706538241 0 0 0 0 0 0 0 0 0 0.00024429 0 0 0 0 0 0 0 0 0 0
0.001071 0.0119 0.082456 0.0079661 0.18538 0.0079661 0.060537 0.060537
0.96394 0 1.4226e-06 0 0 0.14193 0 0 0.14079 0 0 0 0 0 0 0 0 0 0 0 0 0
0 0 0 0 0 0 0 0 0 0 0 0
##$SUBNAM= (0..9)
<""> <""> <""> <""> <""> <""> <""> <""> <""> <"">
##$SW= 20.4702130081488
##$SWIBOX= (0..32)
0 0 2 0 0 0 0 0 0 0 0 0 0 0 0 0 0 0 0 0 0 0 0 0 0 0 0 0 0 0 0 0 0
##$SW_h= 8196.72131147541
##$SWfinal= 0
##$SigLockShift= 0
##$TD= 16384
##$TD0= 1
##$TD_INDIRECT= (0..7)
0 0 0 0 0 0 0 0
##$TDav= 1
##$TE= 299.998500304427
##$TE1= 0
##$TE2= 300.263366699219
##$TE3= 0
##$TE4= 0
##$TEG= 300
##$TE_MAGNET= 0
##$TE_PIDX= 2
##$TE_RAW= 300.263366699219
##$TE_STAB= (0..9)
2 0 2 0 0 0 0 0 0 0
##$TOTROT= (0..63)
0 0 0 0 0 0 0 0 0 0 0 0 0 0 0 0 0 0 0 0 0 0 0 0 0 0 0 0 0 0 0 0 0 0 0 0
0 0 0 0 0 0 0 0 0 0 0 0 0 0 0 0 0 0 0 0 0 0 0 0 0 0 0 0
##$TUBE_TYPE= <>
##$USERA1= <user>
##$USERA10= <>
##$USERA2= <user>
##$USERA3= <user>
##$USERA4= <user>
##$USERA5= <user>
##$USERA6= <>
##$USERA7= <>
##$USERA8= <>
##$USERA9= <>
##$UUID= <efb09bf7-075a-4ddf-a77d-aa878cb7dba8>
##$VALIDCODE= -1
##$VALIST= <valist>
##$VCLIST= <CCCCCCCCCCCCCCC>
##$VDLIST= <DDDDDDDDDDDDDDD>
##$VPLIST= <PPPPPPPPPPPPPPP>
##$VTLIST= <TTTTTTTTTTTTTTT>
##$VtChillPowType= 2
##$VtChillPowVal= 1
##$VtChillType= 4
##$VtGasFlow= 399.947113037109
##$WAVEMAKER= (0..7)
<> <> <> <> <> <> <> <>
##$WBST= 1024
##$WBSW= (0..7)
4 10 10 10 10 10 10 10
##$XL= 0
##$YL= 0
##$YMAX_a= -2147483648
##$YMIN_a= -2147483648
##$ZGOPTNS= <>
##$scaledByNS= no
##$scaledByRG= no
##$shimCoilTempK= 304.5348
##END=
